% Linearni krivka
x = [-1, -0.5, 0, 0.5, 1]
y = [-1.6781, 0.3151, 1.1051, 1.9512, 2.5884]

% Kvadraticka krivka
x = [-1, -0.5, 0, 0.5, 1]
y = [3, 4, 7, 18, 30]

% Obecna data
rok = [1960:1:2021]
Ethiopia = [22151284,22671193,23221385,23798418,24397010,25013634,25641040,26280135,26944386,27652715,28415080,29248650,30140799,31036670,31861353,32566855,33128151,33577240,33993301,34487806,35141703,35984531,36995246,38142679,39374346,40652146,41965696,43329238,44757205,46272308,47887864,49609976,51423591,53295556,55180993,57047906,58883531,60697443,62507724,64343008,66224809,68159422,70142090,72170581,74239508,76346310,78489205,80674343,82916236,85233923,87639962,90139928,92726982,95385793,98094264,100835453,103603461,106399926,109224410,112078727,114963583,117876226]
